0000000000011001000111110010000000000001
0000000000001001000010000010001000000001
0000000000000010000000011010000000000001
1111111111100001000110000010001000000001
0000000000000010000000001010000000000001
0000000000010000000000001110101000000001
0000000000100000000000001111001000000001
0000000000010000000000001100000000000001
0000000000000000000000000000000000000001
1111111111110000000000010010000100000001
0000000000000000000000001010000100000001
1111111111100001000010000010001001000001
0000000000101000000000001110001000000001
0000000000100000000000001100000000000001
0000000000101111111111110010000000000001
1111111111100001000010000010001000000001
0000000000110000000000001110001000000001
0000000000110010000000100010000000000001
0000000000000000000000001110001000000001
0000000000000000000000000000000000000001
0000000001001000000000001110100000000001
0000000000000000000000000000000000000001
0000000010000000000000001110100000000001
0000000001100010000000110010000000000001
0000000001010010000000110011010000000001
0000000001000001000010000010001001000001
0000000001001001000010000010001000000001
0000000001011000000000001110001000000001
0000000000000000000000000000000000000001
0000000001101000000000001111001000000001
0000000010011010000001000010000000000001
0000000010001010000001000011010000000001
0000000001111001000010000010001001000001
0000000010000001000010000010001000000001
0000000010010000000000001110001000000001
0000000000000000000000000000000000000001
0000000010100000000000001111001000000001
0000000001011010000001010010000000000001
0000000010110000000000001110001000000001
0000000000000000000000000000000000000001
0000000010010010000001100010000000000001
0000000010111000000000001110001000000001
0000000000000000000000000000000000000001
0000000010110001000010000010000000000001
0000000101010000000000001110001000000001
0000000010110001000010000010000000000001
0000000010110001000011000010000000000001
0000000011000000000000001111001000000001
0000000011000001000001000010000000000001
0000000010110001000010000010000000000001
0000000000000000000000000000000000000001
0000000100000000000000001111000000000001
0000000011110001000010000010000000001001
0000000011111000000000001110001000000001
0000000011100001000010000010000000000001
1111111111110010000010000010001001100111
0000000011101000000000001110001000000001
0000000100000001000010000010001001001001
0000000100000001000010000010000000000001
0000000011101000000000001110001000100111
1111111111110010000001110010000000000001
0000000011111000000000001110001000100111
0000000000000000000000000000000000000001
0000000011111001000010000010000000001001
1111111111111001000010000010001001000001
0000000011111000000000001110001000100110
0000000011101001000010000010000000000001
0000000011011000000000001110001000000001
0000000010111001000010000010000000000001
0000000101101000000000001110001000000001
0000000010111001000010000010000000000001
0000000010111001000011000010000000000001
0000000100001000000000001111001000000001
0000000100001001000001000010000000000001
0000000010111001000010000010000000000001
0000000000000000000000000000000000000001
0000000100111000000000001111000000000001
0000000100101001000010000010000000001001
0000000100110000000000001110001000000001
0000000100011001000010000010000000000001
1111111111110010000010100010001001100111
0000000100100000000000001110001000000001
0000000100111001000010000010001001001001
0000000100111001000010000010000000000001
0000000100100000000000001110001000100111
1111111111110010000010010010000000000001
0000000100110000000000001110001000100111
0000000000000000000000000000000000000001
0000000100110001000010000010000000001001
1111111111111001000010000010001001000001
0000000100110000000000001110001000100110
0000000100100001000010000010000000000001
0000000100010000000000001110001000000001
0000000101111010000011100010000000000001
0000000101110010000011110010001000000001
0000000101010010000010110010001000000001
0000000101001010000011000010001000000001
0000000101000010000011010010001000000001
0000000110000000000000001110001000000001
0000000110010010000011100010000000000001
0000000110001010000011110010001000000001
0000000101101010000010110010001000000001
0000000101100010000011000010001000000001
0000000101011010000011010010001000000001
0000000110011000000000001110001000000001
0000000110101010000100110010000000000001
0000000110100010000101000010001000000001
0000000110000010000100000010001000000001
0000000101111010000100010010001000000001
0000000101110010000100100010001000000001
0000000110110000000000001110001000000001
0000000111000010000100110010000000000001
0000000110111010000101000010001000000001
0000000110011010000100000010001000000001
0000000110010010000100010010001000000001
0000000110001010000100100010001000000001
0000000111001000000000001110001000000001
0000000111011010000110000010000000000001
0000000111010010000110010010001000000001
0000000110110010000101010010001000000001
0000000110101010000101100010001000000001
0000000110100010000101110010001000000001
0000000111100000000000001110001000000001
0000000111110010000110000010000000000001
0000000111101010000110010010001000000001
0000000111001010000101010010001000000001
0000000111000010000101100010001000000001
0000000110111010000101110010001000000001
0000000111111000000000001110001000000001
0000001000001010000111010010000000000001
0000001000000010000111100010001000000001
0000000111100010000110100010001000000001
0000000111011010000110110010001000000001
0000000111010010000111000010001000000001
0000001000010000000000001110001000000001
0000001000100010000111010010000000000001
0000001000011010000111100010001000000001
0000000111111010000110100010001000000001
0000000111110010000110110010001000000001
0000000111101010000111000010001000000001
0000001000101000000000001110001000000001
0000001000111010001000100010000000000001
0000001000110010001000110010001000000001
0000001000010010000111110010001000000001
0000001000001010001000000010001000000001
0000001000000010001000010010001000000001
0000001001000000000000001110001000000001
0000001001010010001000100010000000000001
0000001001001010001000110010001000000001
0000001000101010000111110010001000000001
0000001000100010001000000010001000000001
0000001000011010001000010010001000000001
0000001001011000000000001110001000000001
0000001001101010001001110010000000000001
0000001001100010001010000010001000000001
0000001001000010001001000010001000000001
0000001000111010001001010010001000000001
0000001000110010001001100010001000000001
0000001001110000000000001110001000000001
0000001010000010001001110010000000000001
0000001001111010001010000010001000000001
0000001001011010001001000010001000000001
0000001001010010001001010010001000000001
0000001001001010001001100010001000000001
0000001010001000000000001110001000000001
0000001010011010001011000010000000000001
0000001010010010001011010010001000000001
0000001001110010001010010010001000000001
0000001001101010001010100010001000000001
0000001001100010001010110010001000000001
0000001010100000000000001110001000000001
0000001010110010001011000010000000000001
0000001010101010001011010010001000000001
0000001010001010001010010010001000000001
0000001010000010001010100010001000000001
0000001001111010001010110010001000000001
0000001010111000000000001110001000000001
0000001011001010001100010010000000000001
0000001011000010001100100010001000000001
0000001010100010001011100010001000000001
0000001010011010001011110010001000000001
0000001010010010001100000010001000000001
0000001011010000000000001110001000000001
0000001011100010001100010010000000000001
0000001011011010001100100010001000000001
0000001010111010001011100010001000000001
0000001010110010001011110010001000000001
0000001010101010001100000010001000000001
0000001011101000000000001110001000000001
0000001011111010001101100010000000000001
0000001011110010001101110010001000000001
0000001011010010001100110010001000000001
0000001011001010001101000010001000000001
0000001011000010001101010010001000000001
0000001100000000000000001110001000000001
0000001100010010001101100010000000000001
0000001100001010001101110010001000000001
0000001011101010001100110010001000000001
0000001011100010001101000010001000000001
0000001011011010001101010010001000000001
0000001100011000000000001110001000000001
0000001100101010001110110010000000000001
0000001100100010001111000010001000000001
0000001100000010001110000010001000000001
0000001011111010001110010010001000000001
0000001011110010001110100010001000000001
0000001100110000000000001110001000000001
0000001101000010001110110010000000000001
0000001100111010001111000010001000000001
0000001100011010001110000010001000000001
0000001100010010001110010010001000000001
0000001100001010001110100010001000000001
0000001101001000000000001110001000000001
0000000000000000000000000000000000000001
0000000011011001000010000010000000000001
0000001101010000000000001110001000000001
0000000000000000000000000000000000000001
0000000100010001000010000010000000000001
0000001101011000000000001110001000000001
0000001100110010001111010010000000000001
0000001101001010001111100010001000000001
0000001101100000000000001110001000000001
1111111111110010011001000010000000000001
0000001110111000000000001110001000000001
0000001110111001000010010010000000000001
0000001110111000000000001110001000000001
0000001110111000000000001100000000000001
0000001100110111111111110010000000000001
0000001101001111111111110010001000000001
0000001111000000000000001110001000000001
0000001111000000000000001100000000000001
0000001111000111111111110010000000000001
0000000000000000000000000000000000000001
0000001111100000000000001110001000000001
0000001111101000000000001111001000000001
0000001110001001000010000010000000000001
0000001110001010011000010010001001000001
0000001111101010011000010010001000000001
0000001101111001000010000011010000000001
0000001101111010011000010010001001000001
0000001111100010011000011000001000000001
0000001111100010011000010010001000000001
0000000000000000000000000000000000000001
0000001110000000000000001110001000000001
0000001110010000000000001111001000000001
0000001111110000000000001111011000000001
0000001110000001000011000010000000000001
0000010000001000000000001111001000000001
0000001110101001000010000010000000001001
0000001110110000000000001110001000000001
0000010000001001000010000010000000000001
0000001110011001000010000010000000000001
1111111111110010011000110010001001100111
0000001110100000000000001110001000000001
0000001111110001000010000010001001001001
0000001111110001000010000010000000000001
0000001110100000000000001110001000100111
1111111111110010011000100010000000000001
0000001110110000000000001110001000100111
0000000000000000000000000000000000000001
0000001110110001000010000010000000001001
1111111111111001000010000010001001000001
0000001110110000000000001110001000100110
0000001110100001000110100010000000000001
0000000000000000000000000000000000000001
0000001111111000000000001110001000000001
0000010000000000000000001111001000000001
0000001111111000000000001100000000000001
0000000000000000000000000000000000000001
0000000000000010010000001010000100000001
1111111111100001000010000010000000000001
0000000000000010001111111010000100000001
1111111111100001000010000010001001000001
0000001111001000000000001110001000000001
0000010000000000000000001100000000000001
0000001111001111111111110010000000000001
1111111111100001000010000010001000000001
0000001111011000000000001110001000000001
0000001111011000000000001100000000000001
0000001110111001000001110010000000000001
0000001110111000000000001110001000000001
0000001110111111111111110010000000000001
0000001111011000000000001110001000000001
0000001111011000000000001100000000000001
0000001100110111111111110010000000000001
0000001101101000000000001110001000000001
0000001101001111111111110010000000000001
0000001101110000000000001110001000000001
0000001101101001000010000010000000000001
0000010000011000000000001110001000000001
0000001101101001000010000010000000000001
0000001101101001000011000010000000000001
0000010000010000000000001111001000000001
0000010000010001000001000010000000000001
0000001101110001000010000010000000000001
0000010000101000000000001110001000000001
0000001101110001000010000010000000000001
0000001101110001000011000010000000000001
0000010000100000000000001111001000000001
0000010000100001000001000010000000000001
0000001101100010011001100010000000000001
0000010000110000000000001110001000000001
0000000000000000000000000000000000000001
1111111111110010011001110010000000000001
0000010001001001000010000010001001000001
0000010001101000000000001110001000000001
0000010001011001000010000010000000000001
0000010001001001000010000011010000000001
0000010001101010011010000010001000000001
0000010001010000000000001110001000000001
0000010001010000000000001100000000000001
0000010001100000000000001111001000000001
0000010000011111111111110010000000000001
0000010000111000000000001110001000000001
0000010000101111111111110010000000000001
0000010001000000000000001110001000000001
0000010000110010011010010010000000000001
0000000000000010011010100010001000000001
0000010010100000000000001110001000000001
0000010000111010011010110010000000000001
0000010001110000000000001110001000000001
0000010001000010011010110010000000000001
0000010001111000000000001110001000000001
0000010000111010011011000010000000000001
0000010010000000000000001110001000000001
0000010001000010011011000010000000000001
0000010010001000000000001110001000000001
0000010010110010011100000010000000000001
0000010010101010011100010010001000000001
0000010010100010011011010010001000000001
0000010010011010011011100010001000000001
0000010010010010011011110010001000000001
0000010010111000000000001110001000000001
0000010011001010011101010010000000000001
0000010011000010011101100010001000000001
0000010010100010011100100010001000000001
0000010010011010011100110010001000000001
0000010010010010011101000010001000000001
0000010011010000000000001110001000000001
0000010011100010011110100010000000000001
0000010011011010011110110010001000000001
0000010010100010011101110010001000000001
0000010010011010011110000010001000000001
0000010010010010011110010010001000000001
0000010011101000000000001110001000000001
0000010011111010011111110010000000000001
0000010011110010100000000010001000000001
0000010010100010011111000010001000000001
0000010010011010011111010010001000000001
0000010010010010011111100010001000000001
0000010100000000000000001110001000000001
0000010100010010100001000010000000000001
0000010100001010100001010010001000000001
0000010010100010100000010010001000000001
0000010010011010100000100010001000000001
0000010010010010100000110010001000000001
0000010100011000000000001110001000000001
0000010100101010100010010010000000000001
0000010100100010100010100010001000000001
0000010010100010100001100010001000000001
0000010010011010100001110010001000000001
0000010010010010100010000010001000000001
0000010100110000000000001110001000000001
0000010101000010100011100010000000000001
0000010100111010100011110010001000000001
0000010010100010100010110010001000000001
0000010010011010100011000010001000000001
0000010010010010100011010010001000000001
0000010101001000000000001110001000000001
0000010101011010100100110010000000000001
0000010101010010100101000010001000000001
0000010010100010100100000010001000000001
0000010010011010100100010010001000000001
0000010010010010100100100010001000000001
0000010101100000000000001110001000000001
0000010101110010100110000010000000000001
0000010101101010100110010010001000000001
0000010010100010100101010010001000000001
0000010010011010100101100010001000000001
0000010010010010100101110010001000000001
0000010101111000000000001110001000000001
0000010110001010100111010010000000000001
0000010110000010100111100010001000000001
0000010010100010100110100010001000000001
0000010010011010100110110010001000000001
0000010010010010100111000010001000000001
0000010110010000000000001110001000000001
0000010110100010101001000010000000000001
0000010110011010101001010010001000000001
0000010010100010101000010010001000000001
0000010010011010101000100010001000000001
0000010010010010101000110010001000000001
0000010110101000000000001110001000000001
0000010110111010101001000010000000000001
0000010110110010101001010010001000000001
0000010110101010101000010010001000000001
0000010110100010101000100010001000000001
0000010110011010101000110010001000000001
0000010111000000000000001110001000000001
0000010111010010101001000010000000000001
0000010111001010101001010010001000000001
0000010111000010101000010010001000000001
0000010110111010101000100010001000000001
0000010110110010101000110010001000000001
0000010111011000000000001110001000000001
0000010111011000000000001100000000000001
0000010111011111111111110010000000000001
0000000000000000000000000000000000000001
0000000011001000000000001110001000000001
0000000011010000000000001111001000000001
0000010111110001000010000010000000000001
0000010111110010100111110010001001000001
0000000011010010100111110010001000000001
0000010111100001000010000011010000000001
0000010111100010100111110010001001000001
0000000011001010100111111000001000000001
0000000011001010100111110010001000000001
0000000000000000000000000000000000000001
0000010111101000000000001110001000000001
0000010111111000000000001111001000000001
0000100011100000000000001111011000000001
0000011000000001000010000010000000000001
1111111111110010101000000010001001000001
0000011000001000000000001110001000000001
0000100011100001000010000010001001001001
0000100011100001000010000010000000000001
0000011000001000000000001110001000100111
0000000000000000000000000000000000000001
0000011000001001000010000010000000000001
0000011000011010101010010010000000000001
0000011000010010101010100010001000000001
0000010010100010101001100010001000000001
0000010010011010101001110010001000000001
0000010010010010101010000010001000000001
0000011000100000000000001110001000000001
0000011000110010101010010010000000000001
0000011000101010101010100010001000000001
0000011000100010101001100010001000000001
0000011000011010101001110010001000000001
0000011000010010101010000010001000000001
0000011000111000000000001110001000000001
0000011001001010101010010010000000000001
0000011001000010101010100010001000000001
0000011000111010101001100010001000000001
0000011000110010101001110010001000000001
0000011000101010101010000010001000000001
0000011001010000000000001110001000000001
0000011001010000000000001100000000000001
0000011001010111111111110010000000000001
0000000000000000000000000000000000000001
0000000011001000000000001110001000000001
0000000011010000000000001111001000000001
0000011001101001000010000010000000000001
0000011001101010100111110010001001000001
0000000011010010100111110010001000000001
0000011001011001000010000011010000000001
0000011001011010100111110010001001000001
0000000011001010100111111000001000000001
0000000011001010100111110010001000000001
0000000000000000000000000000000000000001
0000011001100000000000001110001000000001
0000011001110000000000001111001000000001
0000100011100000000000001111011000000001
0000011001111001000010000010000000000001
1111111111110010101000000010001001000001
0000011010000000000000001110001000000001
0000100011100001000010000010001001001001
0000100011100001000010000010000000000001
0000011010000000000000001110001000100111
0000000000000000000000000000000000000001
0000011010000001000010000010000000000001
0000011010010010101011100010000000000001
0000011010001010101011110010001000000001
0000010010100010101010110010001000000001
0000010010011010101011000010001000000001
0000010010010010101011010010001000000001
0000011010011000000000001110001000000001
0000011010101010101011100010000000000001
0000011010100010101011110010001000000001
0000011010011010101010110010001000000001
0000011010010010101011000010001000000001
0000011010001010101011010010001000000001
0000011010110000000000001110001000000001
0000011011000010101011100010000000000001
0000011010111010101011110010001000000001
0000011010110010101010110010001000000001
0000011010101010101011000010001000000001
0000011010100010101011010010001000000001
0000011011001000000000001110001000000001
0000011011001000000000001100000000000001
0000011011001111111111110010000000000001
0000000000000000000000000000000000000001
0000000011001000000000001110001000000001
0000000011010000000000001111001000000001
0000011011100001000010000010000000000001
0000011011100010100111110010001001000001
0000000011010010100111110010001000000001
0000011011010001000010000011010000000001
0000011011010010100111110010001001000001
0000000011001010100111111000001000000001
0000000011001010100111110010001000000001
0000000000000000000000000000000000000001
0000011011011000000000001110001000000001
0000011011101000000000001111001000000001
0000100011100000000000001111011000000001
0000011011110001000010000010000000000001
1111111111110010101000000010001001000001
0000011011111000000000001110001000000001
0000100011100001000010000010001001001001
0000100011100001000010000010000000000001
0000011011111000000000001110001000100111
0000000000000000000000000000000000000001
0000011011111001000010000010000000000001
0000011100001010101100110010000000000001
0000011100000010101101000010001000000001
0000010010100010101100000010001000000001
0000010010011010101100010010001000000001
0000010010010010101100100010001000000001
0000011100010000000000001110001000000001
0000011100100010101100110010000000000001
0000011100011010101101000010001000000001
0000011100010010101100000010001000000001
0000011100001010101100010010001000000001
0000011100000010101100100010001000000001
0000011100101000000000001110001000000001
0000011100111010101100110010000000000001
0000011100110010101101000010001000000001
0000011100101010101100000010001000000001
0000011100100010101100010010001000000001
0000011100011010101100100010001000000001
0000011101000000000000001110001000000001
0000011101000000000000001100000000000001
0000011101000111111111110010000000000001
0000000000000000000000000000000000000001
0000000011001000000000001110001000000001
0000000011010000000000001111001000000001
0000011101011001000010000010000000000001
0000011101011010100111110010001001000001
0000000011010010100111110010001000000001
0000011101001001000010000011010000000001
0000011101001010100111110010001001000001
0000000011001010100111111000001000000001
0000000011001010100111110010001000000001
0000000000000000000000000000000000000001
0000011101010000000000001110001000000001
0000011101100000000000001111001000000001
0000100011100000000000001111011000000001
0000011101101001000010000010000000000001
1111111111110010101000000010001001000001
0000011101110000000000001110001000000001
0000100011100001000010000010001001001001
0000100011100001000010000010000000000001
0000011101110000000000001110001000100111
0000000000000000000000000000000000000001
0000011101110001000010000010000000000001
0000011110000010101110000010000000000001
0000011101111010101110010010001000000001
0000010010100010101101010010001000000001
0000010010011010101101100010001000000001
0000010010010010101101110010001000000001
0000011110001000000000001110001000000001
0000011110011010101110000010000000000001
0000011110010010101110010010001000000001
0000011110001010101101010010001000000001
0000011110000010101101100010001000000001
0000011101111010101101110010001000000001
0000011110100000000000001110001000000001
0000011110110010101110000010000000000001
0000011110101010101110010010001000000001
0000011110100010101101010010001000000001
0000011110011010101101100010001000000001
0000011110010010101101110010001000000001
0000011110111000000000001110001000000001
0000011110111000000000001100000000000001
0000011110111111111111110010000000000001
0000000000000000000000000000000000000001
0000000011001000000000001110001000000001
0000000011010000000000001111001000000001
0000011111010001000010000010000000000001
0000011111010010100111110010001001000001
0000000011010010100111110010001000000001
0000011111000001000010000011010000000001
0000011111000010100111110010001001000001
0000000011001010100111111000001000000001
0000000011001010100111110010001000000001
0000000000000000000000000000000000000001
0000011111001000000000001110001000000001
0000011111011000000000001111001000000001
0000100011100000000000001111011000000001
0000011111100001000010000010000000000001
1111111111110010101000000010001001000001
0000011111101000000000001110001000000001
0000100011100001000010000010001001001001
0000100011100001000010000010000000000001
0000011111101000000000001110001000100111
0000000000000000000000000000000000000001
0000011111101001000010000010000000000001
0000011111111010101111010010000000000001
0000011111110010101111100010001000000001
0000010010100010101110100010001000000001
0000010010011010101110110010001000000001
0000010010010010101111000010001000000001
0000100000000000000000001110001000000001
0000100000010010101111010010000000000001
0000100000001010101111100010001000000001
0000100000000010101110100010001000000001
0000011111111010101110110010001000000001
0000011111110010101111000010001000000001
0000100000011000000000001110001000000001
0000100000101010101111010010000000000001
0000100000100010101111100010001000000001
0000100000011010101110100010001000000001
0000100000010010101110110010001000000001
0000100000001010101111000010001000000001
0000100000110000000000001110001000000001
0000100000110000000000001100000000000001
0000100000110111111111110010000000000001
0000000000000000000000000000000000000001
0000000011001000000000001110001000000001
0000000011010000000000001111001000000001
0000100001001001000010000010000000000001
0000100001001010100111110010001001000001
0000000011010010100111110010001000000001
0000100000111001000010000011010000000001
0000100000111010100111110010001001000001
0000000011001010100111111000001000000001
0000000011001010100111110010001000000001
0000000000000000000000000000000000000001
0000100001000000000000001110001000000001
0000100001010000000000001111001000000001
0000100011100000000000001111011000000001
0000100001011001000010000010000000000001
1111111111110010101000000010001001000001
0000100001100000000000001110001000000001
0000100011100001000010000010001001001001
0000100011100001000010000010000000000001
0000100001100000000000001110001000100111
0000000000000000000000000000000000000001
0000100001100001000010000010000000000001
0000100001110010110000100010000000000001
0000100001101010110000110010001000000001
0000010010100010101111110010001000000001
0000010010011010110000000010001000000001
0000010010010010110000010010001000000001
0000100001111000000000001110001000000001
0000100010001010110000100010000000000001
0000100010000010110000110010001000000001
0000100001111010101111110010001000000001
0000100001110010110000000010001000000001
0000100001101010110000010010001000000001
0000100010010000000000001110001000000001
0000100010100010110000100010000000000001
0000100010011010110000110010001000000001
0000100010010010101111110010001000000001
0000100010001010110000000010001000000001
0000100010000010110000010010001000000001
0000100010101000000000001110001000000001
0000100010101000000000001100000000000001
0000100010101111111111110010000000000001
0000000000000000000000000000000000000001
0000000011001000000000001110001000000001
0000000011010000000000001111001000000001
0000100011000001000010000010000000000001
0000100011000010100111110010001001000001
0000000011010010100111110010001000000001
0000100010110001000010000011010000000001
0000100010110010100111110010001001000001
0000000011001010100111111000001000000001
0000000011001010100111110010001000000001
0000000000000000000000000000000000000001
0000100010111000000000001110001000000001
0000100011001000000000001111001000000001
0000100011100000000000001111011000000001
0000100011010001000010000010000000000001
1111111111110010101000000010001001000001
0000100011011000000000001110001000000001
0000100011100001000010000010001001001001
0000100011100001000010000010000000000001
0000100011011000000000001110001000100111
0000000000000000000000000000000000000001
0000100011011001000010000010000000000001
0000010010100001000010000010000000000001
0000100011101000000000001110001000000001
0000000000000000000000000000000000000001
0000010001111001000010000010000000000001
1111111101110000000000000000001000000001
0000010001110001000010000010000000000001
1111111101101000000000000000001000000001
0000010010001001000010000010000000000001
1111111110000000000000000000001000000001
0000010010000001000010000010000000000001
1111111101111000000000000000001000000001
0000100011101001000010000010000000000001
0000100011111000000000001110001000000001
0000100011101001000010000010000000000001
0000100011101001000011000010000000000001
0000100011110000000000001111001000000001
0000100011110001000001000010000000000001
0000010011101001000010000010000000000001
0000000000000000000000000000000000000001
0000100100101000000000001111000000000001
0000100100011001000010000010000000001001
0000100100100000000000001110001000000001
0000100100001001000010000010000000000001
1111111111110010110001010010001001100111
0000100100010000000000001110001000000001
0000100100101001000010000010001001001001
0000100100101001000010000010000000000001
0000100100010000000000001110001000100111
1111111111110010110001000010000000000001
0000100100100000000000001110001000100111
0000000000000000000000000000000000000001
0000100100100001000010000010000000001001
1111111111111001000010000010001001000001
0000100100100000000000001110001000100110
0000100100010001000010000010000000000001
0000100100000000000000001110001000000001
0000010100000001000010000010000000000001
0000000000000000000000000000000000000001
0000100101011000000000001111000000000001
0000100101001001000010000010000000001001
0000100101010000000000001110001000000001
0000100100111001000010000010000000000001
1111111111110010110001110010001001100111
0000100101000000000000001110001000000001
0000100101011001000010000010001001001001
0000100101011001000010000010000000000001
0000100101000000000000001110001000100111
1111111111110010110001100010000000000001
0000100101010000000000001110001000100111
0000000000000000000000000000000000000001
0000100101010001000010000010000000001001
1111111111111001000010000010001001000001
0000100101010000000000001110001000100110
0000100101000001000010000010000000000001
0000100100110000000000001110001000000001
0000010100011001000010000010000000000001
0000000000000000000000000000000000000001
0000100110001000000000001111000000000001
0000100101111001000010000010000000001001
0000100110000000000000001110001000000001
0000100101101001000010000010000000000001
1111111111110010110010010010001001100111
0000100101110000000000001110001000000001
0000100110001001000010000010001001001001
0000100110001001000010000010000000000001
0000100101110000000000001110001000100111
1111111111110010110010000010000000000001
0000100110000000000000001110001000100111
0000000000000000000000000000000000000001
0000100110000001000010000010000000001001
1111111111111001000010000010001001000001
0000100110000000000000001110001000100110
0000100101110001000010000010000000000001
0000100101100000000000001110001000000001
0000010100110001000010000010000000000001
0000000000000000000000000000000000000001
0000100110111000000000001111000000000001
0000100110101001000010000010000000001001
0000100110110000000000001110001000000001
0000100110011001000010000010000000000001
1111111111110010110010110010001001100111
0000100110100000000000001110001000000001
0000100110111001000010000010001001001001
0000100110111001000010000010000000000001
0000100110100000000000001110001000100111
1111111111110010110010100010000000000001
0000100110110000000000001110001000100111
0000000000000000000000000000000000000001
0000100110110001000010000010000000001001
1111111111111001000010000010001001000001
0000100110110000000000001110001000100110
0000100110100001000010000010000000000001
0000100110010000000000001110001000000001
0000010101001001000010000010000000000001
0000000000000000000000000000000000000001
0000100111101000000000001111000000000001
0000100111011001000010000010000000001001
0000100111100000000000001110001000000001
0000100111001001000010000010000000000001
1111111111110010110011010010001001100111
0000100111010000000000001110001000000001
0000100111101001000010000010001001001001
0000100111101001000010000010000000000001
0000100111010000000000001110001000100111
1111111111110010110011000010000000000001
0000100111100000000000001110001000100111
0000000000000000000000000000000000000001
0000100111100001000010000010000000001001
1111111111111001000010000010001001000001
0000100111100000000000001110001000100110
0000100111010001000010000010000000000001
0000100111000000000000001110001000000001
0000010101100001000010000010000000000001
0000000000000000000000000000000000000001
0000101000011000000000001111000000000001
0000101000001001000010000010000000001001
0000101000010000000000001110001000000001
0000100111111001000010000010000000000001
1111111111110010110011110010001001100111
0000101000000000000000001110001000000001
0000101000011001000010000010001001001001
0000101000011001000010000010000000000001
0000101000000000000000001110001000100111
1111111111110010110011100010000000000001
0000101000010000000000001110001000100111
0000000000000000000000000000000000000001
0000101000010001000010000010000000001001
1111111111111001000010000010001001000001
0000101000010000000000001110001000100110
0000101000000001000010000010000000000001
0000100111110000000000001110001000000001
0000010101111001000010000010000000000001
0000000000000000000000000000000000000001
0000101001001000000000001111000000000001
0000101000111001000010000010000000001001
0000101001000000000000001110001000000001
0000101000101001000010000010000000000001
1111111111110010110100010010001001100111
0000101000110000000000001110001000000001
0000101001001001000010000010001001001001
0000101001001001000010000010000000000001
0000101000110000000000001110001000100111
1111111111110010110100000010000000000001
0000101001000000000000001110001000100111
0000000000000000000000000000000000000001
0000101001000001000010000010000000001001
1111111111111001000010000010001001000001
0000101001000000000000001110001000100110
0000101000110001000010000010000000000001
0000101000100000000000001110001000000001
0000010110010001000010000010000000000001
0000000000000000000000000000000000000001
0000101001111000000000001111000000000001
0000101001101001000010000010000000001001
0000101001110000000000001110001000000001
0000101001011001000010000010000000000001
1111111111110010110100110010001001100111
0000101001100000000000001110001000000001
0000101001111001000010000010001001001001
0000101001111001000010000010000000000001
0000101001100000000000001110001000100111
1111111111110010110100100010000000000001
0000101001110000000000001110001000100111
0000000000000000000000000000000000000001
0000101001110001000010000010000000001001
1111111111111001000010000010001001000001
0000101001110000000000001110001000100110
0000101001100001000010000010000000000001
0000101001010000000000001110001000000001
0000010011010001000010000010000000000001
0000000000000000000000000000000000000001
0000101010101000000000001111000000000001
0000101010011001000010000010000000001001
0000101010100000000000001110001000000001
0000101010001001000010000010000000000001
1111111111110010110101010010001001100111
0000101010010000000000001110001000000001
0000101010101001000010000010001001001001
0000101010101001000010000010000000000001
0000101010010000000000001110001000100111
1111111111110010110101000010000000000001
0000101010100000000000001110001000100111
0000000000000000000000000000000000000001
0000101010100001000010000010000000001001
1111111111111001000010000010001001000001
0000101010100000000000001110001000100110
0000101010010001000010000010000000000001
0000101010000000000000001110001000000001
0000010010111001000010000010000000000001
0000000000000000000000000000000000000001
0000101011011000000000001111000000000001
0000101011001001000010000010000000001001
0000101011010000000000001110001000000001
0000101010111001000010000010000000000001
1111111111110010110101110010001001100111
0000101011000000000000001110001000000001
0000101011011001000010000010001001001001
0000101011011001000010000010000000000001
0000101011000000000000001110001000100111
1111111111110010110101100010000000000001
0000101011010000000000001110001000100111
0000000000000000000000000000000000000001
0000101011010001000010000010000000001001
1111111111111001000010000010001001000001
0000101011010000000000001110001000100110
0000101011000001000010000010000000000001
0000101010110000000000001110001000000001
0000100100000001000010000010000000000001
0000101011101000000000001110001000000001
0000100100000001000010000010000000000001
0000100100000001000011000010000000000001
0000101011100000000000001111001000000001
0000101011100001000001000010000000000001
0000100100110001000010000010000000000001
0000101011111000000000001110001000000001
0000100100110001000010000010000000000001
0000100100110001000011000010000000000001
0000101011110000000000001111001000000001
0000101011110001000001000010000000000001
0000100101100001000010000010000000000001
0000101100001000000000001110001000000001
0000100101100001000010000010000000000001
0000100101100001000011000010000000000001
0000101100000000000000001111001000000001
0000101100000001000001000010000000000001
0000100110010001000010000010000000000001
0000101100011000000000001110001000000001
0000100110010001000010000010000000000001
0000100110010001000011000010000000000001
0000101100010000000000001111001000000001
0000101100010001000001000010000000000001
0000100111000001000010000010000000000001
0000101100101000000000001110001000000001
0000100111000001000010000010000000000001
0000100111000001000011000010000000000001
0000101100100000000000001111001000000001
0000101100100001000001000010000000000001
0000100111110001000010000010000000000001
0000101100111000000000001110001000000001
0000100111110001000010000010000000000001
0000100111110001000011000010000000000001
0000101100110000000000001111001000000001
0000101100110001000001000010000000000001
0000101000100001000010000010000000000001
0000101101001000000000001110001000000001
0000101000100001000010000010000000000001
0000101000100001000011000010000000000001
0000101101000000000000001111001000000001
0000101101000001000001000010000000000001
0000101010000001000010000010000000000001
0000101101011000000000001110001000000001
0000101010000001000010000010000000000001
0000101010000001000011000010000000000001
0000101101010000000000001111001000000001
0000101101010001000001000010000000000001
0000101001010001000010000010000000000001
0000101101101000000000001110001000000001
0000101001010001000010000010000000000001
0000101001010001000011000010000000000001
0000101101100000000000001111001000000001
0000101101100001000001000010000000000001
0000101010110001000010000010000000000001
0000101101111000000000001110001000000001
0000101010110001000010000010000000000001
0000101010110001000011000010000000000001
0000101101110000000000001111001000000001
0000101101110001000001000010000000000001
0000000000000000000000000000000000000001
0000101010110001000010000010000000000001
0000101110000000000000001110001000000001
0000000000000000000000000000000000000001
0000101010000001000010000010000000000001
0000101110001000000000001110001000000001
0000000000000000000000000000000000000001
0000100100000001000010000010000000000001
0000101110010000000000001110001000000001
0000000000000000000000000000000000000001
0000100100110001000010000010000000000001
0000101110011000000000001110001000000001
0000000000000000000000000000000000000001
0000100101100001000010000010000000000001
0000101110100000000000001110001000000001
0000000000000000000000000000000000000001
0000100110010001000010000010000000000001
0000101110101000000000001110001000000001
0000000000000000000000000000000000000001
0000100111000001000010000010000000000001
0000101110110000000000001110001000000001
0000000000000000000000000000000000000001
0000100111110001000010000010000000000001
0000101110111000000000001110001000000001
0000000000000000000000000000000000000001
0000101000100001000010000010000000000001
0000101111000000000000001110001000000001
0000000000000000000000000000000000000001
0000101001010001000010000010000000000001
0000101111001000000000001110001000000001
0000000000000000000000000000000000000001
0000000000000000000000000000000000000001
0000000000000000000000000000000000000001
0000000000000000000000000000000000000001
0000000000000000000000000000000000000001
0000000000000000000000000000000000000001
0000000000000000000000000000000000000001
0000000000000000000000000000000000000001
0000000000000000000000000000000000000001
0000000000000000000000000000000000000001
0000000000000000000000000000000000000001
0000000000000000000000000000000000000001
0000000000000000000000000000000000000001
0000000000000000000000000000000000000001
0000000000000000000000000000000000000001
0000000000000000000000000000000000000001
0000000000000000000000000000000000000001
0000000000000000000000000000000000000001
0000000000000000000000000000000000000001
0000000000000000000000000000000000000001
0000000000000000000000000000000000000001
0000000000000000000000000000000000000001
0000000000000000000000000000000000000001
0000000000000000000000000000000000000001
0000000000000000000000000000000000000001
0000000000000000000000000000000000000001
0000000000000000000000000000000000000001
0000000000000000000000000000000000000001
0000000000000000000000000000000000000001
0000000000000000000000000000000000000001
0000000000000000000000000000000000000001
0000000000000000000000000000000000000001
0000000000000000000000000000000000000001
0000000000000000000000000000000000000001
0000000000000000000000000000000000000001
0000000000000000000000000000000000000001
0000000000000000000000000000000000000001
0000000000000000000000000000000000000001
0000000000000000000000000000000000000001
0000000000000000000000000000000000000001
0000000000000000000000000000000000000001
0000000000000000000000000000000000000001
0000000000000000000000000000000000000001
0000000000000000000000000000000000000001
0000000000000000000000000000000000000001
0000000000000000000000000000000000000001
